1	T	1023891	--	--	0	12	0	0	0	0	17	0	0	0	na
1	C	1023892	CHH	CC	0	13	0	0	0	0	0	17	0	0	0.0
1	C	1023893	CHH	CT	0	16	0	0	0	0	0	16	0	0	0.0
1	T	1023894	--	--	0	17	0	0	0	0	16	0	0	0	na
1	T	1023895	--	--	0	17	0	0	0	0	16	0	0	0	na
1	G	1023896	CHH	CA	0	0	0	17	0	16	0	0	0	0	0.0
1	C	1023897	CG	CG	0	0	19	0	0	0	0	16	0	0	1.0
1	G	1023898	CG	CG	0	0	0	20	0	2	0	0	14	0	0.88
1	C	1023899	CHH	CC	0	20	0	0	0	0	0	16	0	0	0.0
1	C	1023900	CHG	CT	0	20	0	0	0	0	0	16	0	0	0.0
1	T	1023901	--	--	0	20	0	0	0	0	16	0	0	0	na
1	G	1023902	CHG	CA	0	0	0	20	0	15	0	0	0	0	0.0
1	C	1023903	CHG	CC	0	20	0	0	0	0	0	15	0	0	0.0
1	C	1023904	CG	CG	0	2	18	0	0	0	0	15	0	0	0.9
1	G	1023905	CG	CG	0	0	0	21	0	4	0	0	11	0	0.73
1	C	1023906	CHG	CC	0	21	0	0	0	0	0	15	0	0	0.0
1	C	1023907	CG	CG	0	0	21	0	0	0	0	15	0	0	1.0
1	G	1023908	CG	CG	0	0	0	20	0	2	0	0	13	0	0.87
1	T	1023909	--	--	0	20	0	0	0	0	15	0	0	0	na
1	C	1023910	CHH	CC	0	20	0	0	0	0	0	15	0	0	0.0
1	C	1023911	CHH	CT	0	19	0	0	0	0	0	12	0	0	0.0
1	T	1023912	--	--	0	18	0	0	0	0	13	0	0	0	na
1	C	1023913	CHH	CA	0	19	0	0	0	0	0	13	0	0	0.0
1	A	1023914	--	--	19	1	0	0	0	13	0	0	0	0	na
1	C	1023915	CHG	CC	0	20	0	0	0	0	0	13	0	0	0.0
1	C	1023916	CG	CG	0	14	5	0	0	0	0	13	0	0	0.26
1	G	1023917	CG	CG	0	14	1	5	0	0	0	7	6	0	1.0
1	C	1023918	CG	CG	2	3	15	0	0	0	0	13	0	0	0.83
1	G	1023919	CG	CG	0	0	0	20	0	2	0	0	11	0	0.85
1	A	1023920	--	--	20	0	0	0	0	13	0	0	0	0	na
1	C	1023921	CG	CG	0	1	0	19	0	13	0	0	0	0	0.0
1	G	1023922	CG	CG	0	0	0	22	0	13	0	0	0	0	0.0
1	T	1023923	--	--	0	22	0	0	0	0	13	0	0	0	na
1	T	1023924	--	--	0	22	0	0	0	0	13	0	0	0	na
1	A	1023925	--	--	21	0	0	1	0	13	0	0	0	0	na
1	C	1023926	CHH	CC	1	21	0	0	0	0	0	13	0	0	0.0
1	C	1023927	CHG	CT	0	23	0	0	0	0	0	13	0	0	0.0
1	T	1023928	--	--	0	23	0	0	0	0	13	0	0	0	na
1	G	1023929	CHG	CA	0	0	0	23	0	12	0	0	0	0	0.0
1	T	1023930	--	--	0	23	0	0	0	0	13	0	0	0	na
1	C	1023931	CHG	CC	0	23	0	0	0	0	0	13	0	0	0.0
1	C	1023932	CG	CG	1	2	20	0	0	0	0	13	0	0	0.91
1	G	1023933	CG	CG	0	0	0	25	0	2	0	0	11	0	0.85
1	C	1023934	CHH	CT	0	24	1	0	0	0	0	12	0	0	0.04
1	T	1023935	--	--	0	25	0	0	0	0	12	0	0	0	na
1	C	1023936	CHG	CA	0	25	0	0	0	0	0	12	0	0	0.0
1	A	1023937	--	--	25	0	0	0	0	12	0	0	0	0	na
1	G	1023938	CHG	CT	0	0	0	25	0	12	0	0	0	0	0.0
1	C	1023939	CHH	CC	0	25	0	0	0	0	0	12	0	0	0.0
1	C	1023940	CHG	CT	0	25	0	0	0	0	0	12	0	0	0.0
1	T	1023941	--	--	0	25	0	0	0	0	12	0	0	0	na
1	G	1023942	CHG	CA	0	0	0	25	0	12	0	0	0	0	0.0
1	G	1023943	CHH	CC	0	0	0	25	0	12	0	0	0	0	0.0
1	G	1023944	CHH	CC	0	0	0	25	0	12	0	0	0	0	0.0
1	A	1023945	--	--	25	0	0	0	0	12	0	0	0	0	na
1	C	1023946	CHH	CC	0	25	0	0	0	0	0	12	0	0	0.0
1	C	1023947	CHG	CC	0	25	0	0	0	0	0	13	0	0	0.0
1	C	1023948	CG	CG	1	11	13	0	0	0	0	13	0	0	0.54
1	G	1023949	CG	CG	0	0	0	25	0	9	0	0	4	0	0.31
1	T	1023950	--	--	0	25	0	0	0	0	13	0	0	0	na
1	G	1023951	CHH	CA	0	0	0	25	0	13	0	0	0	0	0.0
1	T	1023952	--	--	0	25	0	0	0	0	14	0	0	0	na
1	A	1023953	--	--	25	0	0	0	0	14	0	0	0	0	na
1	T	1023954	--	--	0	26	0	0	0	0	14	0	0	0	na
1	C	1023955	CHH	CT	0	26	0	0	0	0	0	14	0	0	0.0
1	T	1023956	--	--	0	26	0	0	0	0	14	0	0	0	na
1	C	1023957	CHH	CC	0	26	0	0	0	0	0	14	0	0	0.0
1	C	1023958	CHG	CT	0	26	0	0	0	0	0	14	0	0	0.0
1	T	1023959	--	--	0	28	0	0	0	0	14	0	0	0	na
1	G	1023960	CHG	CA	0	0	0	28	0	14	0	0	0	0	0.0
1	C	1023961	CHH	CT	0	28	0	0	0	0	0	14	0	0	0.0
1	T	1023962	--	--	0	28	0	0	0	0	14	0	0	0	na
1	C	1023963	CHH	CC	0	27	0	0	0	0	0	14	0	0	0.0
1	C	1023964	CHG	CA	1	27	0	0	0	0	0	14	0	0	0.0
1	A	1023965	--	--	27	0	0	0	0	14	0	0	0	0	na
1	G	1023966	CHG	CT	0	0	0	27	0	14	0	0	0	0	0.0
1	T	1023967	--	--	0	27	0	0	0	0	14	0	0	0	na
1	A	1023968	--	--	27	0	0	0	0	14	0	0	0	0	na
1	T	1023969	--	--	0	26	0	0	0	0	14	0	0	0	na
1	C	1023970	CHH	CA	0	25	1	0	0	0	0	14	0	0	0.04
1	A	1023971	--	--	26	0	0	0	0	14	0	0	0	0	na
1	T	1023972	--	--	0	26	0	0	0	0	14	0	0	0	na
1	T	1023973	--	--	0	26	0	0	0	0	15	0	0	0	na
1	T	1023974	--	--	0	26	0	0	0	0	15	0	0	0	na
1	T	1023975	--	--	0	26	0	0	0	0	15	0	0	0	na
1	T	1023976	--	--	0	26	0	0	0	0	15	0	0	0	na
1	A	1023977	--	--	25	0	0	0	0	15	0	0	0	0	na
1	G	1023978	CHH	CT	0	1	0	24	0	15	0	0	0	0	0.0
1	A	1023979	--	--	25	0	0	0	0	15	0	0	0	0	na
1	G	1023980	CHH	CT	0	1	0	24	0	15	0	0	0	0	0.0
1	A	1023981	--	--	25	0	0	0	0	15	0	0	0	0	na
1	C	1023982	CHH	CA	0	24	0	0	0	0	0	15	0	0	0.0
1	A	1023983	--	--	24	0	0	0	0	15	0	0	0	0	na
1	A	1023984	--	--	24	0	0	0	0	15	0	0	0	0	na
1	A	1023985	--	--	25	0	0	0	0	15	0	0	0	0	na
1	G	1023986	CHH	CT	0	2	0	23	0	15	0	0	0	0	0.0
1	G	1023987	CHH	CC	0	0	0	25	0	15	0	0	0	0	0.0
1	C	1023988	CHG	CT	0	25	0	0	0	0	0	15	0	0	0.0
1	T	1023989	--	--	0	25	0	0	0	0	15	0	0	0	na
1	G	1023990	CHG	CA	0	1	0	24	0	15	0	0	0	0	0.0
