1	1023891	T	9.999989e-01	9.999989e-01	3.446519e-10	9.999994e-01	5.727902e-07	3.446519e-10	12	17
1	1023892	C	9.999989e-01	9.999989e-01	1.856369e-10	5.607809e-07	9.999994e-01	1.856369e-10	13	17
1	1023893	C	9.999979e-01	9.999979e-01	5.567245e-11	1.068749e-06	9.999989e-01	5.567245e-11	16	16
1	1023894	T	9.999978e-01	9.999978e-01	3.009439e-11	9.999989e-01	1.099065e-06	3.009439e-11	17	16
1	1023895	T	9.999978e-01	9.999978e-01	3.009439e-11	9.999989e-01	1.099065e-06	3.009439e-11	17	16
1	1023896	G	9.999989e-01	9.999989e-01	5.593573e-07	2.913761e-11	2.913761e-11	9.999994e-01	17	16
1	1023897	C	1.000000e+00	1.000000e+00	5.648336e-12	5.648336e-12	1.000000e+00	5.648336e-12	19	16
1	1023898	G	1.000000e+00	1.000000e+00	2.782530e-11	3.359822e-12	3.359822e-12	1.000000e+00	20	16
1	1023899	C	9.999979e-01	9.999979e-01	4.713676e-12	1.065133e-06	9.999989e-01	4.713676e-12	20	16
1	1023900	C	9.999979e-01	9.999979e-01	4.713676e-12	1.065133e-06	9.999989e-01	4.713676e-12	20	16
